350.00	260.971
351.00	260.151
352.00	263.283
353.00	260.458
354.00	265.799
355.00	262.842
356.00	263.825
357.00	265.476
358.00	264.446
359.00	261.807
360.00	258.255
361.00	260.794
362.00	259.159
363.00	261.985
364.00	264.458
365.00	264.382
366.00	263.052
367.00	260.614
368.00	268.206
369.00	266.491
370.00	267.505
371.00	264.869
372.00	269.435
373.00	268.906
374.00	263.700
375.00	267.112
376.00	269.218
377.00	265.804
378.00	267.802
379.00	262.815
380.00	265.817
381.00	263.961
382.00	278.460
383.00	266.112
384.00	271.056
385.00	270.209
386.00	267.225
387.00	269.910
388.00	263.210
389.00	266.052
390.00	266.071
391.00	269.138
392.00	271.800
393.00	268.268
394.00	272.563
395.00	279.293
396.00	272.769
397.00	267.636
398.00	271.156
399.00	268.895
400.00	275.792
401.00	273.598
402.00	272.338
403.00	274.300
404.00	276.519
405.00	277.161
406.00	276.999
407.00	274.521
408.00	276.757
409.00	281.870
410.00	279.491
411.00	276.953
412.00	279.149
413.00	279.305
414.00	283.463
415.00	287.764
416.00	288.018
417.00	286.240
418.00	288.040
419.00	282.914
420.00	287.295
421.00	288.445
422.00	291.069
423.00	286.638
424.00	287.262
425.00	292.792
426.00	299.991
427.00	294.758
428.00	291.462
429.00	294.125
430.00	294.023
431.00	300.018
432.00	302.271
433.00	302.335
434.00	299.917
435.00	304.244
436.00	310.728
437.00	301.683
438.00	308.605
439.00	309.232
440.00	308.003
441.00	312.918
442.00	311.064
443.00	316.781
444.00	319.894
445.00	320.618
446.00	314.459
447.00	316.210
448.00	321.186
449.00	321.902
450.00	319.483
451.00	327.174
452.00	328.478
453.00	330.088
454.00	323.658
455.00	329.235
456.00	331.545
457.00	331.097
458.00	328.600
459.00	335.219
460.00	337.431
461.00	336.641
462.00	340.541
463.00	342.039
464.00	336.148
465.00	348.093
466.00	351.025
467.00	349.696
468.00	348.778
469.00	358.678
470.00	361.930
471.00	360.471
472.00	362.031
473.00	370.650
474.00	374.792
475.00	376.192
476.00	378.660
477.00	385.036
478.00	390.978
479.00	392.831
480.00	395.106
481.00	403.527
482.00	406.891
483.00	418.385
484.00	418.141
485.00	421.577
486.00	431.397
487.00	437.902
488.00	438.563
489.00	444.060
490.00	451.960
491.00	447.376
492.00	461.944
493.00	455.541
494.00	458.912
495.00	470.128
496.00	477.830
497.00	468.249
498.00	478.879
499.00	491.712
500.00	489.286
501.00	495.410
502.00	495.059
503.00	500.018
504.00	507.062
505.00	503.984
506.00	506.584
507.00	508.140
508.00	514.235
509.00	517.282
510.00	524.708
511.00	521.109
512.00	525.874
513.00	525.588
514.00	526.014
515.00	533.534
516.00	530.521
517.00	534.568
518.00	534.307
519.00	536.164
520.00	539.769
521.00	544.216
522.00	541.211
523.00	541.776
524.00	551.551
525.00	554.767
526.00	556.446
527.00	558.054
528.00	571.130
529.00	566.172
530.00	579.757
531.00	575.160
532.00	579.239
533.00	584.027
534.00	585.868
535.00	579.130
536.00	590.680
537.00	595.091
538.00	601.336
539.00	593.509
540.00	608.312
541.00	611.516
542.00	613.775
543.00	617.395
544.00	615.707
545.00	622.209
546.00	625.559
547.00	621.057
548.00	624.039
549.00	625.121
550.00	634.010
551.00	635.178
552.00	638.333
553.00	635.568
554.00	641.648
555.00	640.735
556.00	639.776
557.00	646.980
558.00	640.351
559.00	652.007
560.00	647.600
561.00	653.820
562.00	652.187
563.00	660.664
564.00	654.776
565.00	658.850
566.00	655.959
567.00	654.662
568.00	653.922
569.00	655.049
570.00	665.842
571.00	668.411
572.00	662.660
573.00	671.065
574.00	674.554
575.00	671.852
576.00	668.507
577.00	671.848
578.00	672.073
579.00	673.172
580.00	675.011
581.00	682.527
582.00	669.759
583.00	677.351
584.00	684.404
585.00	676.362
586.00	689.045
587.00	687.874
588.00	689.124
589.00	692.978
590.00	697.123
591.00	696.696
592.00	690.722
593.00	690.176
594.00	699.395
595.00	698.403
596.00	701.293
597.00	702.382
598.00	701.849
599.00	709.711
600.00	714.131
601.00	714.552
602.00	712.654
603.00	716.504
604.00	714.370
605.00	717.417
606.00	713.008
607.00	717.732
608.00	719.400
609.00	728.603
610.00	724.195
611.00	735.376
612.00	726.589
613.00	726.595
614.00	722.431
615.00	729.191
616.00	726.278
617.00	728.331
618.00	719.312
619.00	731.760
620.00	726.755
621.00	720.014
622.00	722.044
623.00	722.973
624.00	724.154
625.00	729.283
626.00	729.081
627.00	728.739
628.00	722.843
629.00	723.086
630.00	721.896
631.00	723.456
632.00	727.789
633.00	723.406
634.00	722.581
635.00	719.515
636.00	715.288
637.00	716.550
638.00	721.693
639.00	720.260
640.00	721.689
641.00	727.903
642.00	721.311
643.00	720.612
644.00	770.723
645.00	721.983
646.00	724.252
647.00	726.357
648.00	724.932
649.00	720.948
650.00	721.927
651.00	717.346
652.00	726.387
653.00	710.274
654.00	724.102
655.00	716.705
656.00	717.919
657.00	714.060
658.00	718.445
659.00	715.873
660.00	722.705
661.00	722.117
662.00	719.997
663.00	718.862
664.00	714.179
665.00	712.070
666.00	704.468
667.00	708.569
668.00	711.386
669.00	703.550
670.00	708.605
671.00	706.513
672.00	702.878
673.00	706.945
674.00	695.762
675.00	698.596
676.00	703.491
677.00	694.039
678.00	703.149
679.00	693.218
680.00	686.758
681.00	690.387
682.00	691.118
683.00	691.506
684.00	680.949
685.00	678.961
686.00	678.917
687.00	672.794
688.00	678.773
689.00	674.304
690.00	681.881
691.00	666.846
692.00	665.787
693.00	662.266
694.00	661.881
695.00	656.298
696.00	652.540
697.00	658.135
698.00	651.506
699.00	655.181
700.00	640.366
701.00	646.885
702.00	653.356
703.00	644.298
704.00	642.334
705.00	638.537
706.00	641.271
707.00	635.790
708.00	635.155
709.00	636.410
710.00	637.066
711.00	630.168
712.00	639.508
713.00	631.915
714.00	626.242
715.00	626.032
716.00	628.413
717.00	618.555
718.00	621.103
719.00	620.353
720.00	619.362
721.00	649.515
722.00	618.422
723.00	623.433
724.00	619.900
725.00	616.915
726.00	612.725
727.00	611.397
728.00	605.917
729.00	613.406
730.00	606.508
731.00	603.540
732.00	609.156
733.00	602.733
734.00	597.040
735.00	595.056
736.00	601.926
737.00	599.390
738.00	593.491
739.00	590.771
740.00	589.725
741.00	587.618
742.00	579.004
743.00	584.267
744.00	585.366
745.00	580.098
746.00	574.205
747.00	573.522
748.00	577.141
749.00	566.839
750.00	567.688
751.00	564.235
752.00	563.917
753.00	559.859
754.00	555.600
755.00	550.658
756.00	546.377
757.00	548.289
758.00	540.933
759.00	538.525
760.00	538.123
761.00	529.980
762.00	537.184
763.00	515.117
764.00	531.316
765.00	526.668
766.00	520.891
767.00	518.685
768.00	514.490
769.00	518.755
770.00	511.296
771.00	507.255
772.00	506.086
773.00	502.584
774.00	496.888
775.00	502.086
776.00	495.018
777.00	495.947
778.00	493.302
779.00	491.887
780.00	495.581
781.00	496.505
782.00	499.986
783.00	495.572
784.00	501.265
785.00	496.747
786.00	498.583
787.00	500.378
788.00	489.592
789.00	498.374
790.00	491.934
791.00	493.403
792.00	490.189
793.00	499.553
794.00	491.616
795.00	489.428
796.00	491.365
797.00	488.056
798.00	483.245
799.00	481.154
800.00	481.092
801.00	475.370
802.00	478.691
803.00	480.449
804.00	472.092
805.00	473.234
806.00	471.755
807.00	473.290
808.00	462.399
809.00	459.906
810.00	473.143
811.00	460.994
812.00	461.805
813.00	458.047
814.00	459.408
815.00	453.335
816.00	456.743
817.00	456.174
818.00	450.723
819.00	451.727
820.00	449.588
821.00	445.363
822.00	447.913
823.00	444.336
824.00	445.214
825.00	439.859
826.00	438.885
827.00	437.342
828.00	435.754
829.00	430.965
830.00	437.436
831.00	436.877
832.00	430.728
833.00	432.670
834.00	425.598
835.00	427.722
836.00	421.356
837.00	426.774
838.00	421.300
839.00	420.206
840.00	418.199
841.00	420.627
842.00	419.189
843.00	419.091
844.00	413.570
845.00	415.255
846.00	407.108
847.00	401.869
848.00	413.105
849.00	404.521
850.00	401.288
851.00	396.752
852.00	397.602
853.00	395.769
854.00	400.048
855.00	398.646
856.00	401.090
857.00	391.082
858.00	393.387
859.00	393.114
860.00	391.629
861.00	384.209
862.00	390.230
863.00	381.026
864.00	381.329
865.00	383.565
866.00	389.140
867.00	389.522
868.00	380.127
869.00	379.939
870.00	379.105
871.00	377.014
872.00	372.048
873.00	377.798
874.00	372.254
875.00	366.388
876.00	367.291
877.00	366.143
878.00	366.345
879.00	362.381
880.00	369.405
881.00	360.025
882.00	362.075
883.00	359.328
884.00	359.322
885.00	358.999
886.00	352.673
887.00	352.571
888.00	357.602
889.00	352.428
890.00	350.684
891.00	352.119
892.00	354.802
893.00	352.811
894.00	357.884
895.00	352.896
896.00	358.551
897.00	355.415
898.00	354.931
899.00	358.331
900.00	357.072
901.00	352.247
902.00	356.557
903.00	354.355
904.00	357.240
905.00	350.566
906.00	356.298
907.00	357.993
908.00	349.436
909.00	353.207
910.00	354.960
911.00	348.108
912.00	349.873
913.00	351.189
914.00	348.617
915.00	351.539
916.00	349.356
917.00	340.246
918.00	346.647
919.00	341.269
920.00	345.073
921.00	339.840
922.00	346.047
923.00	333.972
924.00	343.239
925.00	336.255
926.00	332.515
927.00	334.575
928.00	334.287
929.00	335.290
930.00	330.927
931.00	325.909
932.00	327.208
933.00	324.965
934.00	321.503
935.00	322.397
936.00	322.916
937.00	321.154
938.00	319.024
939.00	314.679
940.00	322.557
941.00	316.194
942.00	313.425
943.00	314.322
944.00	310.569
945.00	308.790
946.00	308.085
947.00	313.731
948.00	309.997
949.00	311.605
950.00	320.364
951.00	307.110
952.00	305.753
953.00	306.604
954.00	303.056
955.00	309.846
956.00	301.530
957.00	300.191
958.00	304.008
959.00	303.462
960.00	298.430
961.00	302.494
962.00	296.208
963.00	296.195
964.00	294.749
965.00	294.670
966.00	294.040
967.00	294.500
968.00	292.406
969.00	290.043
970.00	290.414
971.00	285.422
972.00	287.969
973.00	289.567
974.00	286.337
975.00	285.462
976.00	284.114
977.00	283.726
978.00	286.878
979.00	287.269
980.00	287.937
981.00	280.011
982.00	279.785
983.00	279.037
984.00	276.961
985.00	279.022
986.00	280.199
987.00	277.269
988.00	276.332
989.00	275.867
990.00	275.566
991.00	275.560
992.00	279.451
993.00	273.295
994.00	277.240
995.00	279.144
996.00	274.113
997.00	272.956
998.00	272.218
999.00	271.524
1000.00	269.333
